%% References for running 2env task

G31_square_sesh = [26 27 32 33 34 37 38 39];
G31_oct_sesh = [28 29 30 31 35 36 40 41];
G31_manual_limits = [0 0 0 0 1 1 0 0];
